{
 "cells": [
  {
   "cell_type": "markdown",
   "metadata": {},
   "source": [
    "# Multi Layer Perceptron (MLP)\n",
    "So far, the models built had only 3 neurons. But, what if more neurons were added to the network in the model to make it more complex in order to get the model to learn more complex patterns.\n",
    "\n",
    "<img src = \"../artifacts/neural_networks_23.png\" alt = \"drawing\" width = \"500\">\n",
    "\n",
    "There are 2 features which are passed as inputs and 3 classes which are obtained as output.\n",
    "\n",
    "In the above figure, superscript notation is used to represent the layer. Therefore, representing with $f_1$, $f_1^1$ is used (i.e., neuron 1 of layer 1).\n",
    "\n",
    "The inputs (layer 0 or input layer) is connected with 4 neurons of layer 1. These 4 neurons are connected with 3 neurons of the output layers (layer 2).\n",
    "\n",
    "This intermediate layer in between the input and output is called hidden layer.\n",
    "\n",
    "### Why is it called hidden layer?\n",
    "Both input and output are hidden from this layer and this layer is not directly dealt with. Hence, it is called a hidden layer.\n",
    "\n",
    "The network can be made complex by increasing the number of neurons in the hidden layer or by increasing the number of hidden layers.\n",
    "\n",
    "<img src = \"../artifacts/neural_networks_24.png\" alt = \"drawing\" width = \"500\">\n",
    "\n",
    "### What will the activation function of the output layer be?\n",
    "Since this is a multi-class classification problem, the activation function will be softmax.\n",
    "\n",
    "### What will the activation function of the hidden layer be?\n",
    "Since the model needs to learn a non-linear decision boundary, the activation functions will also have to be non-linear.\n",
    "\n",
    "### What happens if each activation function in MLP is linear?\n",
    "Consider the following example to understand,\n",
    "\n",
    "Given, $f(x) = 2x + 1$, $g(x) = 3x + 2$, will $f(g(x))$ be linear or non-linear?\n",
    "\n",
    "<img src = \"../artifacts/neural_networks_25.png\" alt = \"drawing\" width = \"500\">\n",
    "\n",
    "Composition of 2 linear function is linear. If the activation function used is linear, then the model will also be linear. But in this case, a non-linear model is required.\n",
    "\n",
    "### How can a non-linear activation function help?\n",
    "Consider, $f(x) = x^2 + 1$, $g(x) = 2x + 1$, will $g(f(x))$ be linear or non-linear?\n",
    "\n",
    "<img src = \"../artifacts/neural_networks_26.png\" alt = \"drawing\" width = \"500\">\n",
    "\n",
    "### What if another non-linear function stacked?\n",
    "Consider, $h(x) = x^2 + 1$, $f(x) = 2x^2 + 1$, and $g(x) = x + 1$,\n",
    "\n",
    "<img src = \"../artifacts/neural_networks_27.png\" alt = \"drawing\" width = \"500\">\n",
    "\n",
    "Therefore, stacking a non-linear function over a linear function and repeating the process may create complex features.\n",
    "\n",
    "Suppose there are 2 inputs $x_1$ and $x_2$, the computation graph will look as follows,\n",
    "\n",
    "<img src = \"../artifacts/neural_networks_28.png\" alt = \"drawing\" width = \"500\">\n",
    "\n",
    "Explanation,\n",
    "- $z$ is the weighted sum, hence it will be linear, $z = 3x_1 + 4x_2$.\n",
    "- $a_1$ will be non-linear and complex, $a_1 = 9x_1^2 + 16x_2^2 + 24x_1x_2$.\n",
    "- $a_2$ will be non-linear and much more complex than $a_1$, $a_2 = (9x_1^2 + 16x_2^2 + 24x_1x_2 +1)^2 = (9x_1^2 + 16x_2^2)^2 + 2(9x_1^2 + 16x_2^2)(24x_1x_2 +1) + (24x_1x_2 +1)^2$\n",
    "\n",
    "### What non-linear function should be used as the activation function?\n",
    "Recall that, sigmoid is one of the non-linear activation function.\n",
    "\n",
    "### Should different activation functions be used in different layers?\n",
    "Theoritically, it is very much possible to use different activation functions in different layers. But, studies have shown that doing so does not add much value."
   ]
  },
  {
   "cell_type": "markdown",
   "metadata": {},
   "source": [
    "# Activation Function\n",
    "Sigmoid can be used as an activation function for the hidden layer. Note that,\n",
    "- Domain of sigmoid is, $(-\\infty, \\infty)$.\n",
    "- Range of sigmoid is, $(0, 1)$.\n",
    "- Derivative of sigmoid also lies between $(0, 1)$.\n",
    "\n",
    "<img src = \"../artifacts/neural_networks_29.png\" alt = \"drawing\" width = \"500\">\n",
    "\n",
    "Other activation functions: $\\tan{h}$\n",
    "\n",
    "### $\\tan{h}$\n",
    "- $\\tan{h}$ is a shifted version of sigmoid function.\n",
    "- $\\tan{h}$ works better than sigmoid all the time, the mean value is 0.\n",
    "- Input lies in the range, $(-\\infty, \\infty)$.\n",
    "- Output lies in the range $(-1, 1)$.\n",
    "- $\\tan{h}$ is not very used often, unless the output is required to lie in the range of $(-1, 1)$.\n",
    "- $\\tan{h}$ is mathematically represented as, $\\tan{h}(z) = \\frac{e^z - e^{-z}}{e^z + e^{-z}}$.\n",
    "- Derivative of $\\tan{h}$ function is, $\\frac{d(\\tan{h})}{dz} = 1 - \\tan{h}^2(z)$.\n",
    "- The range of this is, $(0, 1)$.\n",
    "\n",
    "<img src = \"../artifacts/neural_networks_30.png\" alt = \"drawing\" width = \"500\">\n",
    "\n",
    "### Issue with sigmoid and $\\tan{h}$\n",
    "- Vanishing gradients:\n",
    "    - The downside of both sigmoid and $\\tan{h}$ is that their gradient is lesser than 1 for most of the values of z.\n",
    "    - This hampers the gradient descent process and the calculated gradients will be very small.\n",
    "\n",
    "### Why does small gradient hamper gradient descent process?\n",
    "The derivative of sigmoid and $\\tan{h}$ lies between $(0, 1)$. Therefore, the product of these terms in the range will become very small. In fact, as the number of layers in the NN increase, the product will become smaller and smaller.\n",
    "\n",
    "<img src = \"../artifacts/neural_networks_31.png\" alt = \"drawing\" width = \"500\">\n",
    "\n",
    "The equation to update the weight $w$ is, $w_{new} = w_{old} - \\eta * \\frac{\\partial loss}{\\partial w} \\biggr\\vert_{{w}_{old}}$.\n",
    "\n",
    "- The partial derivative value becomes miniscule as the number of layers increase.\n",
    "- As a result, the Neural Network gets trained very slowly.\n",
    "- In fact, for close to 2 decades, people could not imagine using a NN with more than 3 to 4 layers.\n",
    "\n",
    "<img src = \"../artifacts/neural_networks_32.png\" alt = \"drawing\" width = \"500\">\n",
    "\n",
    "### What should be the properties of an ideal activation function?\n",
    "- Differentiable.\n",
    "- Non-linear.\n",
    "- Easy to calculate.\n",
    "- Gradient is greater than or equal to 1 for a big range of $z$."
   ]
  },
  {
   "cell_type": "markdown",
   "metadata": {},
   "source": [
    "# ReLU\n",
    "ReLU stands for Rectified Linear Unit. It says that for any positive value, the ReLU function returns that value as it is, i.e., $\\text{ReLU}(z) = z$, if $z > 0$. Else, the ReLU function returns a 0, i.e., $\\text{ReLU}(z) = 0$, if $z <= 0$.\n",
    "\n",
    "The ReLU function is defined as, $\\text{ReLU}(z) = \\max{(0, z)}$. This means that, for any input $z$,\n",
    "- If $z$ is positive, the output is $z$ itself.\n",
    "- If $z$ is negative or zero, the output is 0.\n",
    "\n",
    "### Derivative of ReLU\n",
    "The derivative of ReLU function is,\n",
    "\n",
    "$\\text{ReLU}'(z) = \\left\\{\\begin{matrix}1, if \\ z>0\\\\0, if \\ z<0\\end{matrix}\\right.$\n",
    "\n",
    "This means that the derivative is 1 for positive inputs and 0 for negative inputs.\n",
    "\n",
    "Since it is not continuous, it is not differentiable at 0. Therefore, an approximation is taken for it work. Hence, the derivative of ReLU is, $\\text{ReLU}'(z) = \\left\\{\\begin{matrix}1, if \\ z > 0\\\\0, if \\ z <= 0\\end{matrix}\\right.$\n",
    "\n",
    "### Why is the derivative at 0 is ignored?\n",
    "While the ReLU function is not strictly differentiable at 0, in practice, the derivative as defined above is often used. This is because,\n",
    "- Practical implementation: Most deep learning frameworks, like TensorFlow and PyTorch, implement ReLU with this derivative approximation.\n",
    "- Numerical stability: The gradient at 0 is typically a small and ignoring it does not significantly impact the training process.\n",
    "- Sparsity: The ReLU function can introduce sparsity in the network, which can help in training and regularization.\n",
    "\n",
    "### Advantage of ReLU\n",
    "- Efficient computation: ReLU is computationally efficient compared to other activation functions like sigmoid and $\\tan{h}$.\n",
    "- Reduced vanishing gradient problem: The ReLU function can help mitigate the vanishing gradient problem, especially in deeper networks.\n",
    "- Sparsity: It can introduce sparsity in the network, which can lead to faster training and better generalization.\n",
    "\n",
    "<img src = \"../artifacts/neural_networks_33.png\" alt = \"drawing\" width = \"500\">\n",
    "\n",
    "### Is there a problem with practically using ReLU as the activation function?\n",
    "Yes. Even though it is the most widely used activation function in Deep Learning, there is a problem with ReLU,\n",
    "- If one derivative term in calculation of $\\frac{\\partial Loss}{\\partial w}$ gets the value 0, the entire term will become 0.\n",
    "- As a result, there is no update in the value of weight.\n",
    "- This is known as \"dying ReLU\".\n",
    "- Therefore, there is a potential vanishing gradient problem.\n",
    "\n",
    "While ReLU is a widely used activation function in deep learning, it has a potential drawback known as the \"dying ReLU\" problem. If a ReLU neuron consistently receives negative inputs, its output will always be zero, and its gradient during backpropagation will also be zero. This can lead to a vanishing gradient problem, where the network fails to learn effectively.\n",
    "\n",
    "To mitigate this issue, various activation functions have been introduced, such as Leaky ReLU, Parametric ReLU, Exponential Linear Unit (ELU), and Scaled Exponential Linear Unit (SELU). These functions introduce non-linearity and help alleviate the vanishing gradient problem, enabling the training of deeper neural networks."
   ]
  },
  {
   "cell_type": "markdown",
   "metadata": {},
   "source": [
    "# Leaky ReLU\n",
    "This is very similar to ReLU. In case of negative values, a small gradient ($\\alpha$) associated with it is added instead of havinf 0.\n",
    "\n",
    "Therefore,\n",
    "$\\text{Leaky ReLU}'(z) = \\left\\{\\begin{matrix}1, if \\ z>0\\\\α, if \\ z<=0\\end{matrix}\\right.$\n",
    "\n",
    "<img src = \"../artifacts/neural_networks_34.png\" alt = \"drawing\" width = \"500\">"
   ]
  },
  {
   "cell_type": "markdown",
   "metadata": {},
   "source": [
    "# Notations For N Layer NN\n",
    "As the number of layers increase, the earlier weight notation will not work. Therefore, layer number is added to weight notation as well.\n",
    "\n",
    "<img src = \"../artifacts/neural_networks_35.png\" alt = \"drawing\" width = \"500\">\n",
    "\n",
    "For weight, $w_{ij}^L$, where,\n",
    "- $L$ represents the layer number.\n",
    "- $i$ represents the from Neuron.\n",
    "- $j$ represents the to Neuron.\n",
    "\n",
    "For bias, $b_i^L$, where,\n",
    "- $L$ represents the layer number.\n",
    "- $i$ represents the Neuron.\n",
    "\n",
    "There are 2 sets of weights and biases for the first and second layers, $w^1$, $w^2$, $b^1$, $b^2$.\n",
    "\n",
    "### Dimensions of $w^1$, $w^2$, $b^1$, $b^2$\n",
    "- $w^1$:\n",
    "    - There are 2 inputs that are fed to 4 Neurons.\n",
    "    - Each pair of input and Neuron has a unique weight value.\n",
    "    - Therefore, $w^1$ will be a `2x4` matrix, $w^1 = \\begin{bmatrix}w_{11}^1 & w_{12}^1 & w_{13}^1 & w_{14}^1\\\\w_{21}^1 & w_{22}^1 & w_{23}^1 & w_{24}^1\\end{bmatrix}_{2 \\times 4}$.\n",
    "- $b^1$:\n",
    "    - There are 4 Neurons in the first layer.\n",
    "    - Each of which has a unique bias value.\n",
    "    - Therefore, $b^1$ will be a `1x4` matrix, $b^1 = \\begin{bmatrix}b_1^1 & b_2^1 & b_3^1 & b_4^1\\end{bmatrix}_{1 \\times 4}$.\n",
    "- $w^2$:\n",
    "    - The outputs of layer 1 are inputs to layer 2.\n",
    "    - Layer 2 Neurons do not need to know if its an output from an earlier layer or a raw input.\n",
    "    - Here 4 inputs are fed to 3 neurons.\n",
    "    - Therefore, $w^2$ will be a `4x3` matrix, $w^2 = \\begin{bmatrix}w_{11}^2 & w_{12}^2 & w_{13}^2\\\\w_{21}^2 & w_{22}^2 & w_{23}^2\\\\w_{31}^2 & w_{32}^2 & w_{33}^2\\\\w_{41}^2 & w_{42}^2 & w_{43}^2\\end{bmatrix}_{4 \\times 3}$.\n",
    "- $b^2$:\n",
    "    - There are 3 neurons in the second layer, each of which will have a bias associated with them.\n",
    "    - Therefore, $b^2$ will be a `1x3` matrix, $b^2 = \\begin{bmatrix}b_1^2 & b_2^2 & b_3^2\\end{bmatrix}_{1 \\times 3}$."
   ]
  },
  {
   "cell_type": "markdown",
   "metadata": {},
   "source": [
    "# Code Implementation"
   ]
  },
  {
   "cell_type": "code",
   "execution_count": 1,
   "metadata": {},
   "outputs": [],
   "source": [
    "import numpy as np\n",
    "import pandas as pd\n",
    "import matplotlib.pyplot as plt\n",
    "import seaborn as sns"
   ]
  },
  {
   "cell_type": "code",
   "execution_count": 2,
   "metadata": {},
   "outputs": [
    {
     "data": {
      "text/html": [
       "<div>\n",
       "<style scoped>\n",
       "    .dataframe tbody tr th:only-of-type {\n",
       "        vertical-align: middle;\n",
       "    }\n",
       "\n",
       "    .dataframe tbody tr th {\n",
       "        vertical-align: top;\n",
       "    }\n",
       "\n",
       "    .dataframe thead th {\n",
       "        text-align: right;\n",
       "    }\n",
       "</style>\n",
       "<table border=\"1\" class=\"dataframe\">\n",
       "  <thead>\n",
       "    <tr style=\"text-align: right;\">\n",
       "      <th></th>\n",
       "      <th>x1</th>\n",
       "      <th>x2</th>\n",
       "      <th>y</th>\n",
       "    </tr>\n",
       "  </thead>\n",
       "  <tbody>\n",
       "    <tr>\n",
       "      <th>0</th>\n",
       "      <td>0.000000</td>\n",
       "      <td>0.000000</td>\n",
       "      <td>0</td>\n",
       "    </tr>\n",
       "    <tr>\n",
       "      <th>1</th>\n",
       "      <td>-0.000650</td>\n",
       "      <td>0.010080</td>\n",
       "      <td>0</td>\n",
       "    </tr>\n",
       "    <tr>\n",
       "      <th>2</th>\n",
       "      <td>0.009809</td>\n",
       "      <td>0.017661</td>\n",
       "      <td>0</td>\n",
       "    </tr>\n",
       "    <tr>\n",
       "      <th>3</th>\n",
       "      <td>0.007487</td>\n",
       "      <td>0.029364</td>\n",
       "      <td>0</td>\n",
       "    </tr>\n",
       "    <tr>\n",
       "      <th>4</th>\n",
       "      <td>-0.000027</td>\n",
       "      <td>0.040404</td>\n",
       "      <td>0</td>\n",
       "    </tr>\n",
       "  </tbody>\n",
       "</table>\n",
       "</div>"
      ],
      "text/plain": [
       "         x1        x2  y\n",
       "0  0.000000  0.000000  0\n",
       "1 -0.000650  0.010080  0\n",
       "2  0.009809  0.017661  0\n",
       "3  0.007487  0.029364  0\n",
       "4 -0.000027  0.040404  0"
      ]
     },
     "execution_count": 2,
     "metadata": {},
     "output_type": "execute_result"
    }
   ],
   "source": [
    "df = pd.read_csv(\"spiral.csv\")\n",
    "df.head()"
   ]
  },
  {
   "cell_type": "code",
   "execution_count": 3,
   "metadata": {},
   "outputs": [
    {
     "data": {
      "text/plain": [
       "((300, 2), (300,))"
      ]
     },
     "execution_count": 3,
     "metadata": {},
     "output_type": "execute_result"
    }
   ],
   "source": [
    "# separating features and labels\n",
    "x = df.drop(columns = [\"y\"])\n",
    "y = df[\"y\"]\n",
    "x.shape, y.shape"
   ]
  },
  {
   "cell_type": "code",
   "execution_count": 4,
   "metadata": {},
   "outputs": [],
   "source": [
    "# initialize the parameters at random\n",
    "d = 2 # dimensions or number of inputs\n",
    "n = 3 # number of classes or number of neurons in the output layer\n",
    "h = 4 # number of neurons in the hidden layer"
   ]
  },
  {
   "cell_type": "code",
   "execution_count": 5,
   "metadata": {},
   "outputs": [
    {
     "data": {
      "text/plain": [
       "((2, 4), (1, 4))"
      ]
     },
     "execution_count": 5,
     "metadata": {},
     "output_type": "execute_result"
    }
   ],
   "source": [
    "# input layer to the hidden layer\n",
    "# weight and bias of layer 1\n",
    "w1 = 0.01 * np.random.randn(d, h)\n",
    "b1 = np.zeros((1, h))\n",
    "w1.shape, b1.shape"
   ]
  },
  {
   "cell_type": "code",
   "execution_count": 6,
   "metadata": {},
   "outputs": [
    {
     "data": {
      "text/plain": [
       "(300, 4)"
      ]
     },
     "execution_count": 6,
     "metadata": {},
     "output_type": "execute_result"
    }
   ],
   "source": [
    "# z1 = np.dot(x, w) + b\n",
    "z1 = np.dot(x, w1) + b1\n",
    "z1.shape"
   ]
  },
  {
   "cell_type": "code",
   "execution_count": 7,
   "metadata": {},
   "outputs": [
    {
     "data": {
      "text/plain": [
       "(300, 4)"
      ]
     },
     "execution_count": 7,
     "metadata": {},
     "output_type": "execute_result"
    }
   ],
   "source": [
    "# ReLU activation function\n",
    "a1 = np.maximum(0, z1)\n",
    "a1.shape"
   ]
  },
  {
   "cell_type": "code",
   "execution_count": 8,
   "metadata": {},
   "outputs": [
    {
     "data": {
      "text/plain": [
       "((4, 3), (1, 3))"
      ]
     },
     "execution_count": 8,
     "metadata": {},
     "output_type": "execute_result"
    }
   ],
   "source": [
    "# hidden layer to the output layer\n",
    "# weight and bias of layer 2\n",
    "w2 = 0.01 * np.random.randn(h, n)\n",
    "b2 = np.zeros((1, n))\n",
    "w2.shape, b2.shape"
   ]
  },
  {
   "cell_type": "code",
   "execution_count": 9,
   "metadata": {},
   "outputs": [
    {
     "data": {
      "text/plain": [
       "(300, 3)"
      ]
     },
     "execution_count": 9,
     "metadata": {},
     "output_type": "execute_result"
    }
   ],
   "source": [
    "z2 = np.dot(a1, w2) + b2\n",
    "z2.shape"
   ]
  },
  {
   "cell_type": "code",
   "execution_count": 10,
   "metadata": {},
   "outputs": [
    {
     "data": {
      "text/plain": [
       "(300, 3)"
      ]
     },
     "execution_count": 10,
     "metadata": {},
     "output_type": "execute_result"
    }
   ],
   "source": [
    "# apply the softmax function to compute a2\n",
    "z2_exp = np.exp(z2)\n",
    "a2 = z2_exp/ np.sum(z2_exp, axis = 1, keepdims = True)\n",
    "probs = a2\n",
    "probs.shape"
   ]
  },
  {
   "cell_type": "code",
   "execution_count": 11,
   "metadata": {},
   "outputs": [
    {
     "data": {
      "text/plain": [
       "array([[0.33333333, 0.33333333, 0.33333333],\n",
       "       [0.33333333, 0.33333333, 0.33333333],\n",
       "       [0.33333375, 0.33333276, 0.33333348],\n",
       "       [0.33333354, 0.33333309, 0.33333337],\n",
       "       [0.33333333, 0.33333333, 0.33333333],\n",
       "       [0.33333338, 0.33333328, 0.33333334],\n",
       "       [0.33333465, 0.33333153, 0.33333381],\n",
       "       [0.33333425, 0.33333222, 0.33333353],\n",
       "       [0.33333365, 0.33333296, 0.3333334 ],\n",
       "       [0.33333493, 0.33333124, 0.33333383],\n",
       "       [0.33333436, 0.3333321 , 0.33333354],\n",
       "       [0.33333454, 0.33333189, 0.33333357],\n",
       "       [0.33333489, 0.33333144, 0.33333366],\n",
       "       [0.33333409, 0.33333243, 0.33333348],\n",
       "       [0.33333587, 0.33333   , 0.33333413],\n",
       "       [0.33333742, 0.33332758, 0.333335  ],\n",
       "       [0.33333761, 0.33332732, 0.33333507],\n",
       "       [0.33333891, 0.33332528, 0.3333358 ],\n",
       "       [0.33333805, 0.33332673, 0.33333522],\n",
       "       [0.33334052, 0.3333228 , 0.33333668],\n",
       "       [0.33334129, 0.3333216 , 0.33333711],\n",
       "       [0.333339  , 0.33332537, 0.33333564],\n",
       "       [0.33334121, 0.33332185, 0.33333694],\n",
       "       [0.33334106, 0.33332216, 0.33333678],\n",
       "       [0.33334306, 0.33331895, 0.33333798],\n",
       "       [0.33334234, 0.3333202 , 0.33333746],\n",
       "       [0.33334328, 0.33331872, 0.33333799],\n",
       "       [0.33334484, 0.33331623, 0.33333893],\n",
       "       [0.333347  , 0.33331269, 0.33334031],\n",
       "       [0.33334416, 0.33331749, 0.33333836],\n",
       "       [0.33334721, 0.33331252, 0.33334027],\n",
       "       [0.3333484 , 0.3333106 , 0.333341  ],\n",
       "       [0.33335077, 0.33330652, 0.33334271],\n",
       "       [0.33335146, 0.33330541, 0.33334313],\n",
       "       [0.33335105, 0.33330633, 0.33334262],\n",
       "       [0.33335204, 0.3333047 , 0.33334326],\n",
       "       [0.33335342, 0.33330194, 0.33334464],\n",
       "       [0.33335394, 0.33330139, 0.33334467],\n",
       "       [0.33335418, 0.33330122, 0.3333446 ],\n",
       "       [0.33335477, 0.3333003 , 0.33334493],\n",
       "       [0.33335456, 0.33330088, 0.33334456],\n",
       "       [0.3333559 , 0.3332977 , 0.3333464 ],\n",
       "       [0.33335656, 0.33329674, 0.3333467 ],\n",
       "       [0.33335733, 0.33329604, 0.33334663],\n",
       "       [0.33335788, 0.33329496, 0.33334716],\n",
       "       [0.3333565 , 0.33329835, 0.33334515],\n",
       "       [0.33335794, 0.33329415, 0.33334791],\n",
       "       [0.33335943, 0.33329232, 0.33334826],\n",
       "       [0.33335995, 0.33329146, 0.33334859],\n",
       "       [0.33336   , 0.33329106, 0.33334894],\n",
       "       [0.33336094, 0.33329073, 0.33334833],\n",
       "       [0.33335979, 0.33329093, 0.33334929],\n",
       "       [0.33336056, 0.33328976, 0.33334967],\n",
       "       [0.33336284, 0.33328706, 0.3333501 ],\n",
       "       [0.33336065, 0.33328935, 0.33335   ],\n",
       "       [0.33336212, 0.33329232, 0.33334556],\n",
       "       [0.33336205, 0.33328943, 0.33334852],\n",
       "       [0.3333637 , 0.33329366, 0.33334264],\n",
       "       [0.33336453, 0.33329557, 0.3333399 ],\n",
       "       [0.33336525, 0.33329882, 0.33333594],\n",
       "       [0.33336576, 0.33329692, 0.33333732],\n",
       "       [0.33336262, 0.33332354, 0.33331383],\n",
       "       [0.3333661 , 0.33330863, 0.33332527],\n",
       "       [0.33336741, 0.33329833, 0.33333426],\n",
       "       [0.33336773, 0.33330241, 0.33332986],\n",
       "       [0.33336847, 0.33329812, 0.33333341],\n",
       "       [0.33336774, 0.33331024, 0.33332203],\n",
       "       [0.33336773, 0.33331287, 0.3333194 ],\n",
       "       [0.33336988, 0.33330047, 0.33332965],\n",
       "       [0.33337052, 0.33329845, 0.33333103],\n",
       "       [0.33336946, 0.3333109 , 0.33331963],\n",
       "       [0.33336691, 0.33332382, 0.33330926],\n",
       "       [0.33337148, 0.33330391, 0.3333246 ],\n",
       "       [0.33337263, 0.33329724, 0.33333014],\n",
       "       [0.33337036, 0.33331536, 0.33331428],\n",
       "       [0.33337159, 0.33331171, 0.3333167 ],\n",
       "       [0.33336961, 0.33332193, 0.33330846],\n",
       "       [0.33336974, 0.33332304, 0.33330722],\n",
       "       [0.33336667, 0.33333417, 0.33329916],\n",
       "       [0.33336861, 0.33332968, 0.33330171],\n",
       "       [0.33336761, 0.33333394, 0.33329845],\n",
       "       [0.33337324, 0.33331635, 0.33331041],\n",
       "       [0.33336859, 0.33333837, 0.33329304],\n",
       "       [0.33337236, 0.33334207, 0.33328557],\n",
       "       [0.33337292, 0.33334236, 0.33328472],\n",
       "       [0.33337251, 0.33332549, 0.33330201],\n",
       "       [0.3333738 , 0.33334242, 0.33328378],\n",
       "       [0.33337316, 0.33334175, 0.33328509],\n",
       "       [0.33337431, 0.33334225, 0.33328344],\n",
       "       [0.33337489, 0.33334243, 0.33328267],\n",
       "       [0.33337575, 0.33334311, 0.33328114],\n",
       "       [0.33337619, 0.33334302, 0.33328079],\n",
       "       [0.33337563, 0.33334371, 0.33328066],\n",
       "       [0.33337665, 0.33334373, 0.33327961],\n",
       "       [0.33337752, 0.33334368, 0.33327879],\n",
       "       [0.33337804, 0.33334375, 0.33327821],\n",
       "       [0.33337839, 0.33334395, 0.33327766],\n",
       "       [0.33337905, 0.33334385, 0.3332771 ],\n",
       "       [0.33337315, 0.33334414, 0.33328271],\n",
       "       [0.33337997, 0.3333439 , 0.33327613],\n",
       "       [0.33333333, 0.33333333, 0.33333333],\n",
       "       [0.33333377, 0.33333345, 0.33333279],\n",
       "       [0.33333404, 0.33333354, 0.33333242],\n",
       "       [0.33333471, 0.33333367, 0.33333161],\n",
       "       [0.33333516, 0.33333379, 0.33333105],\n",
       "       [0.33333549, 0.3333339 , 0.33333061],\n",
       "       [0.33333585, 0.333334  , 0.33333015],\n",
       "       [0.3333361 , 0.3333341 , 0.33332981],\n",
       "       [0.33333688, 0.33333424, 0.33332888],\n",
       "       [0.33333674, 0.3333343 , 0.33332897],\n",
       "       [0.33333763, 0.33333446, 0.33332791],\n",
       "       [0.33333641, 0.33333434, 0.33332925],\n",
       "       [0.3333373 , 0.33333453, 0.33332817],\n",
       "       [0.33333792, 0.33333468, 0.3333274 ],\n",
       "       [0.33333775, 0.3333347 , 0.33332755],\n",
       "       [0.33333883, 0.33333491, 0.33332626],\n",
       "       [0.3333377 , 0.33333478, 0.33332753],\n",
       "       [0.33333902, 0.33333504, 0.33332594],\n",
       "       [0.33333857, 0.33333501, 0.33332641],\n",
       "       [0.33333967, 0.33333524, 0.33332509],\n",
       "       [0.3333385 , 0.33333509, 0.33332642],\n",
       "       [0.33333703, 0.33333475, 0.33332823],\n",
       "       [0.33333521, 0.33333405, 0.33333074],\n",
       "       [0.33333333, 0.33333333, 0.33333333],\n",
       "       [0.33333899, 0.33333534, 0.33332567],\n",
       "       [0.33334126, 0.33333578, 0.33332296],\n",
       "       [0.33333721, 0.33333482, 0.33332797],\n",
       "       [0.33333357, 0.33333342, 0.33333301],\n",
       "       [0.33334161, 0.33333597, 0.33332242],\n",
       "       [0.33333767, 0.333335  , 0.33332733],\n",
       "       [0.33333627, 0.33333446, 0.33332927],\n",
       "       [0.33333577, 0.33333427, 0.33332997],\n",
       "       [0.33333549, 0.33333416, 0.33333036],\n",
       "       [0.33333333, 0.33333333, 0.33333333],\n",
       "       [0.33333422, 0.33333367, 0.3333321 ],\n",
       "       [0.3333358 , 0.33333428, 0.33332992],\n",
       "       [0.33333333, 0.33333333, 0.33333333],\n",
       "       [0.33333333, 0.33333333, 0.33333333],\n",
       "       [0.33333333, 0.33333333, 0.33333333],\n",
       "       [0.33333333, 0.33333333, 0.33333333],\n",
       "       [0.33333347, 0.33333339, 0.33333314],\n",
       "       [0.33333333, 0.33333333, 0.33333333],\n",
       "       [0.33333333, 0.33333333, 0.33333333],\n",
       "       [0.33333333, 0.33333333, 0.33333333],\n",
       "       [0.33333333, 0.33333333, 0.33333333],\n",
       "       [0.33333333, 0.33333333, 0.33333333],\n",
       "       [0.33333333, 0.33333333, 0.33333333],\n",
       "       [0.33333333, 0.33333333, 0.33333333],\n",
       "       [0.33333333, 0.33333333, 0.33333333],\n",
       "       [0.33333333, 0.33333333, 0.33333333],\n",
       "       [0.33333333, 0.33333333, 0.33333333],\n",
       "       [0.33333333, 0.33333333, 0.33333333],\n",
       "       [0.33333333, 0.33333333, 0.33333333],\n",
       "       [0.33333333, 0.33333333, 0.33333333],\n",
       "       [0.33333333, 0.33333333, 0.33333333],\n",
       "       [0.33333333, 0.33333333, 0.33333333],\n",
       "       [0.3333372 , 0.3333287 , 0.3333341 ],\n",
       "       [0.33333333, 0.33333333, 0.33333333],\n",
       "       [0.33334253, 0.33332158, 0.33333589],\n",
       "       [0.33333333, 0.33333333, 0.33333333],\n",
       "       [0.33333333, 0.33333333, 0.33333333],\n",
       "       [0.33333709, 0.33332884, 0.33333408],\n",
       "       [0.33333545, 0.33333079, 0.33333375],\n",
       "       [0.33333764, 0.33332818, 0.33333418],\n",
       "       [0.33334484, 0.33331822, 0.33333694],\n",
       "       [0.33333828, 0.33332741, 0.33333431],\n",
       "       [0.33335316, 0.33330505, 0.33334179],\n",
       "       [0.33334401, 0.33331968, 0.33333631],\n",
       "       [0.33333456, 0.33333187, 0.33333358],\n",
       "       [0.33336029, 0.33329367, 0.33334605],\n",
       "       [0.33333831, 0.33332737, 0.33333432],\n",
       "       [0.3333415 , 0.33332356, 0.33333495],\n",
       "       [0.33336254, 0.33329017, 0.33334729],\n",
       "       [0.33334976, 0.33331084, 0.33333939],\n",
       "       [0.33335123, 0.33330855, 0.33334022],\n",
       "       [0.33335562, 0.33330158, 0.3333428 ],\n",
       "       [0.33335255, 0.33330656, 0.3333409 ],\n",
       "       [0.33336486, 0.3332867 , 0.33334845],\n",
       "       [0.33335997, 0.33329473, 0.3333453 ],\n",
       "       [0.33335508, 0.33330266, 0.33334226],\n",
       "       [0.33336409, 0.33328815, 0.33334776],\n",
       "       [0.33336232, 0.33329109, 0.33334659],\n",
       "       [0.33337164, 0.3332758 , 0.33335255],\n",
       "       [0.33337481, 0.33327051, 0.33335468],\n",
       "       [0.33337338, 0.33327304, 0.33335358],\n",
       "       [0.33337138, 0.33327647, 0.33335214],\n",
       "       [0.33337719, 0.33326671, 0.3333561 ],\n",
       "       [0.33336357, 0.33328942, 0.33334701],\n",
       "       [0.33337805, 0.33326544, 0.3333565 ],\n",
       "       [0.33337962, 0.33326281, 0.33335757],\n",
       "       [0.33338209, 0.3332585 , 0.33335942],\n",
       "       [0.33338214, 0.33325858, 0.33335929],\n",
       "       [0.3333782 , 0.3332656 , 0.3333562 ],\n",
       "       [0.33337424, 0.33327234, 0.33335343],\n",
       "       [0.33338137, 0.33326034, 0.33335829],\n",
       "       [0.33338194, 0.33325947, 0.33335859],\n",
       "       [0.33338611, 0.333252  , 0.33336189],\n",
       "       [0.33338744, 0.33324935, 0.33336321],\n",
       "       [0.33338802, 0.33324794, 0.33336404],\n",
       "       [0.33338607, 0.33324926, 0.33336467],\n",
       "       [0.33333333, 0.33333333, 0.33333333],\n",
       "       [0.33333389, 0.33333246, 0.33333365],\n",
       "       [0.33333445, 0.3333316 , 0.33333395],\n",
       "       [0.33333499, 0.33333077, 0.33333423],\n",
       "       [0.33333546, 0.33332994, 0.3333346 ],\n",
       "       [0.3333359 , 0.33332921, 0.33333489],\n",
       "       [0.33333658, 0.33332817, 0.33333524],\n",
       "       [0.33333702, 0.33332744, 0.33333554],\n",
       "       [0.33333746, 0.33332671, 0.33333583],\n",
       "       [0.33333801, 0.3333265 , 0.33333549],\n",
       "       [0.33333846, 0.33332549, 0.33333605],\n",
       "       [0.33333903, 0.33332419, 0.33333677],\n",
       "       [0.33333965, 0.33332324, 0.33333711],\n",
       "       [0.33334029, 0.33332225, 0.33333746],\n",
       "       [0.33334079, 0.33332356, 0.33333566],\n",
       "       [0.33334112, 0.33332189, 0.33333699],\n",
       "       [0.33334194, 0.33332288, 0.33333519],\n",
       "       [0.333342  , 0.33331984, 0.33333816],\n",
       "       [0.33334267, 0.33331957, 0.33333776],\n",
       "       [0.3333435 , 0.33332048, 0.33333601],\n",
       "       [0.33334411, 0.33332063, 0.33333526],\n",
       "       [0.33334414, 0.33331598, 0.33333988],\n",
       "       [0.33334498, 0.33331757, 0.33333745],\n",
       "       [0.33334577, 0.33331989, 0.33333434],\n",
       "       [0.33334623, 0.33331763, 0.33333613],\n",
       "       [0.33334665, 0.33332257, 0.33333079],\n",
       "       [0.33334711, 0.33332266, 0.33333022],\n",
       "       [0.33334685, 0.33332677, 0.33332639],\n",
       "       [0.33334848, 0.33331687, 0.33333465],\n",
       "       [0.33334899, 0.33331545, 0.33333555],\n",
       "       [0.33334799, 0.33332754, 0.33332447],\n",
       "       [0.33335005, 0.33331751, 0.33333244],\n",
       "       [0.33334801, 0.33333063, 0.33332137],\n",
       "       [0.33334722, 0.33333429, 0.33331849],\n",
       "       [0.33334891, 0.33333663, 0.33331447],\n",
       "       [0.33334885, 0.33333604, 0.33331511],\n",
       "       [0.33335268, 0.33331602, 0.3333313 ],\n",
       "       [0.33335063, 0.33333713, 0.33331224],\n",
       "       [0.33335212, 0.33332507, 0.3333228 ],\n",
       "       [0.33335126, 0.33333714, 0.3333116 ],\n",
       "       [0.3333507 , 0.33333598, 0.33331332],\n",
       "       [0.33335227, 0.3333294 , 0.33331833],\n",
       "       [0.33335257, 0.3333374 , 0.33331002],\n",
       "       [0.33335351, 0.33333782, 0.33330867],\n",
       "       [0.33335296, 0.33333689, 0.33331015],\n",
       "       [0.33335353, 0.33333715, 0.33330931],\n",
       "       [0.33335496, 0.33333817, 0.33330688],\n",
       "       [0.33335545, 0.33333831, 0.33330624],\n",
       "       [0.33335595, 0.33333848, 0.33330557],\n",
       "       [0.33335634, 0.33333845, 0.33330521],\n",
       "       [0.333356  , 0.33333899, 0.33330501],\n",
       "       [0.3333566 , 0.3333391 , 0.3333043 ],\n",
       "       [0.3333553 , 0.33333915, 0.33330555],\n",
       "       [0.33335721, 0.33333933, 0.33330346],\n",
       "       [0.33335865, 0.33333932, 0.33330203],\n",
       "       [0.33335816, 0.33333956, 0.33330229],\n",
       "       [0.33335913, 0.33333964, 0.33330123],\n",
       "       [0.33336003, 0.33333966, 0.33330031],\n",
       "       [0.33335836, 0.33333986, 0.33330178],\n",
       "       [0.33335433, 0.33333946, 0.33330622],\n",
       "       [0.33335953, 0.3333401 , 0.33330037],\n",
       "       [0.33335589, 0.33333978, 0.33330433],\n",
       "       [0.33335933, 0.33334025, 0.33330043],\n",
       "       [0.33335549, 0.33333983, 0.33330467],\n",
       "       [0.33335521, 0.33333984, 0.33330495],\n",
       "       [0.33336254, 0.33334069, 0.33329677],\n",
       "       [0.33336276, 0.3333408 , 0.33329644],\n",
       "       [0.33336438, 0.33334086, 0.33329476],\n",
       "       [0.33335667, 0.33334026, 0.33330306],\n",
       "       [0.33335776, 0.33334048, 0.33330176],\n",
       "       [0.33336266, 0.33334114, 0.3332962 ],\n",
       "       [0.33334926, 0.3333391 , 0.33331164],\n",
       "       [0.33335985, 0.33334093, 0.33329921],\n",
       "       [0.33334563, 0.33333804, 0.33331633],\n",
       "       [0.33335778, 0.33334073, 0.3333015 ],\n",
       "       [0.33336085, 0.33334124, 0.33329792],\n",
       "       [0.3333472 , 0.33333865, 0.33331415],\n",
       "       [0.33334739, 0.33333872, 0.33331389],\n",
       "       [0.33333905, 0.33333552, 0.33332543],\n",
       "       [0.3333526 , 0.33334004, 0.33330735],\n",
       "       [0.33334561, 0.33333804, 0.33331635],\n",
       "       [0.33334327, 0.33333714, 0.33331959],\n",
       "       [0.33333383, 0.33333352, 0.33333264],\n",
       "       [0.33334953, 0.33333954, 0.33331094],\n",
       "       [0.33335089, 0.33333992, 0.33330919],\n",
       "       [0.33333333, 0.33333333, 0.33333333],\n",
       "       [0.333335  , 0.33333397, 0.33333102],\n",
       "       [0.33333788, 0.33333507, 0.33332705],\n",
       "       [0.33333333, 0.33333333, 0.33333333],\n",
       "       [0.33333379, 0.33333351, 0.3333327 ],\n",
       "       [0.33333631, 0.33333447, 0.33332922],\n",
       "       [0.33335559, 0.33334108, 0.33330333],\n",
       "       [0.33334317, 0.3333371 , 0.33331973],\n",
       "       [0.33333333, 0.33333333, 0.33333333],\n",
       "       [0.33333333, 0.33333333, 0.33333333],\n",
       "       [0.33333766, 0.33333499, 0.33332735],\n",
       "       [0.33333333, 0.33333333, 0.33333333],\n",
       "       [0.33333333, 0.33333333, 0.33333333],\n",
       "       [0.33333333, 0.33333333, 0.33333333],\n",
       "       [0.33333333, 0.33333333, 0.33333333]])"
      ]
     },
     "execution_count": 11,
     "metadata": {},
     "output_type": "execute_result"
    }
   ],
   "source": [
    "probs"
   ]
  }
 ],
 "metadata": {
  "kernelspec": {
   "display_name": "Python 3",
   "language": "python",
   "name": "python3"
  },
  "language_info": {
   "codemirror_mode": {
    "name": "ipython",
    "version": 3
   },
   "file_extension": ".py",
   "mimetype": "text/x-python",
   "name": "python",
   "nbconvert_exporter": "python",
   "pygments_lexer": "ipython3",
   "version": "3.11.9"
  }
 },
 "nbformat": 4,
 "nbformat_minor": 2
}
